2	3	4	5	6	7	8	10	12	13	15	19	22	24	25	26	27	31	33	34	53	55	
1	3	6	7	8	10	11	12	14	15	19	20	22	24	25	31	33	34	
1	2	5	7	8	11	16	23	24	30	36	45	48	
1	18	32	40	41	47	49	52	56	58	62	
1	3	11	14	16	17	30	37	39	42	60	
1	2	7	13	15	22	25	27	33	50	
1	2	3	6	11	15	22	24	25	26	
1	2	3	10	11	12	19	20	23	
13	21	28	29	38	54	57	61	
1	2	8	12	19	20	34	51	
2	3	5	7	8	16	23	30	
1	2	8	10	19	20	35	43	
1	6	9	21	28	29	44	46	
2	5	17	23	26	39	51	
1	2	6	7	25	31	33	
3	5	11	30	37	42	
5	14	26	35	39	43	
4	21	27	32	47	52	
1	2	8	10	12	20	
2	8	10	12	19	34	
9	13	18	27	38	
1	2	6	7	50	
3	8	11	14	35	
1	2	3	7	36	
1	2	6	7	15	
1	7	14	17	
1	6	18	21	
9	13	29	46	
9	13	28	38	
3	5	11	16	
1	2	15	59	
4	18	41	49	
1	2	6	15	
1	2	10	20	
12	17	23	43	
3	24	45	48	
5	16	42	
9	21	29	
5	14	17	
4	41	44	
4	32	40	
5	16	37	
12	17	35	
13	40	
3	36	
13	28	
4	18	
3	36	
4	32	
6	22	
10	14	
4	18	
1	
9	
1	
4	
9	
4	
31	
5	
9	
4	
